mode=2
solver=ORAS
mpi_ranks=8
overlap=4
NE=150
NC=-100
NCT=150
elements=93602
vertices=48183
setup_time_s=2.0977
solve_time_s=0.0277423
total_time_s=2.54044
gmres_iter=12
gmres_tol=1e-06
pORAS=10000
T_min=1854.47
T_max=2373.56
