mode=1
solver=RAS
mpi_ranks=10
overlap=4
NE=150
NC=-100
NCT=150
elements=93602
vertices=48183
setup_time_s=2.05157
solve_time_s=0.0622155
total_time_s=2.58377
gmres_iter=23
gmres_tol=1e-06
T_min=1854.47
T_max=2373.56
