mode=2
solver=ORAS
mpi_ranks=2
overlap=4
NE=150
NC=-100
NCT=150
elements=93602
vertices=48183
setup_time_s=5.46837
solve_time_s=0.0331149
total_time_s=6.07986
gmres_iter=9
gmres_tol=1e-06
pORAS=10000
T_min=1854.47
T_max=2373.56
