mode=2
solver=ORAS
mpi_ranks=4
overlap=1
NE=150
NC=-100
NCT=150
elements=93602
vertices=48183
setup_time_s=7.06293
solve_time_s=0.110398
total_time_s=7.77082
gmres_iter=12
gmres_tol=1e-06
pORAS=25000
T_min=1854.47
T_max=2373.56
