mode=1
solver=RAS
mpi_ranks=4
overlap=1
NE=150
NC=-100
NCT=150
elements=93602
vertices=48183
setup_time_s=8.99013
solve_time_s=0.265069
total_time_s=10.1292
gmres_iter=31
gmres_tol=1e-06
T_min=1854.47
T_max=2373.56
