mode=1
solver=RAS
mpi_ranks=8
overlap=1
NE=150
NC=-100
NCT=150
elements=93602
vertices=48183
setup_time_s=5.37833
solve_time_s=0.153989
total_time_s=6.20848
gmres_iter=34
gmres_tol=1e-06
T_min=1854.47
T_max=2373.56
