mode=3
solver=ASM
mpi_ranks=8
overlap=1
NE=250
NC=-200
NCT=250
elements=264946
vertices=135105
setup_time_s=6.01132
solve_time_s=0.371013
total_time_s=7.438
gmres_iter=46
gmres_tol=1e-06
T_min=1854.35
T_max=2373.34
