mode=2
solver=ORAS
mpi_ranks=8
overlap=1
NE=150
NC=-100
NCT=150
elements=93602
vertices=48183
setup_time_s=5.30017
solve_time_s=0.0721894
total_time_s=5.96707
gmres_iter=16
gmres_tol=1e-06
pORAS=25000
T_min=1854.47
T_max=2373.56
